centre_of_soil_box_in_world_frame:
  - x: 0.02989
    y: 0.61319
    z: 0.088132
