centre_of_soil_box_in_world_frame:
  - x: 0.03006989
    y: 0.49788191
    z: -0.11920619
