centre_of_soil_box_in_world_frame:
  - x: -0.0295
    y: 0.61846
    z: -0.11312
