[INFO] [1723803871.912957]: OpenCV backend calibrating with algorithm Daniilidis
[[-0.99040207 -0.00534091 -0.13811307  0.15108188]
 [ 0.04364452  0.93604246 -0.34916998  0.9037929 ]
 [ 0.13114458 -0.35184655 -0.92682528  0.95044607]
 [ 0.          0.          0.          1.        ]]
[INFO] [1723803884.342280]: OpenCV backend calibrating with algorithm Andreff
[[-0.99060372 -0.00318769 -0.13672641  0.14758849]
 [ 0.04700187  0.93089939 -0.36223908  0.897218  ]
 [ 0.12843324 -0.36526177 -0.92200257  0.89321556]
 [ 0.          0.          0.          1.        ]]
[INFO] [1723803890.824158]: OpenCV backend calibrating with algorithm Horaud
[[-0.99023273 -0.00238399 -0.13940392  0.15167725]
 [ 0.04890551  0.93038657 -0.36330303  0.91861181]
 [ 0.13056565 -0.36657217 -0.92118264  0.93670471]
 [ 0.          0.          0.          1.        ]]
[INFO] [1723803896.120224]: OpenCV backend calibrating with algorithm Park
[[-0.99025144 -0.00288855 -0.13926145  0.15151999]
 [ 0.04828401  0.93067809 -0.36263887  0.9185277 ]
 [ 0.13065508 -0.36582776 -0.92146584  0.93675149]
 [ 0.          0.          0.          1.        ]]
[INFO] [1723803900.344221]: OpenCV backend calibrating with algorithm Tsai-Lenz
[[-0.98814812  0.00411789 -0.15344815  0.15724993]
 [ 0.05661896  0.93893378 -0.33940778  0.91330194]
 [ 0.14268001 -0.34407323 -0.92803881  0.94164789]
 [ 0.          0.          0.          1.        ]]
