[INFO] [1721053740.524876]: OpenCV backend calibrating with algorithm Park
matrix:
  - [-0.99711636, -0.00914707, -0.07533454,  0.05862467]
  - [ 0.03876131,  0.7920609,  -0.60921022,  1.32173196]
  - [ 0.06524203, -0.61037354, -0.78942233,  0.90906702]
  - [ 0.,          0.,          0.,          1.        ]

[INFO] [1721053770.580653]: OpenCV backend calibrating with algorithm Andreff
[INFO] [1721053770.589031]: Computed calibration:
[[-0.99662272 -0.00720967 -0.08179958  0.03456564]
 [ 0.04422384  0.79221677 -0.60863523  1.18765923]
 [ 0.06919106 -0.61019719 -0.78922239  0.78261207]
 [ 0.          0.          0.          1.        ]]

[INFO] [1721053786.644387]: OpenCV backend calibrating with algorithm Daniilidis
[INFO] [1721053786.650783]: Computed calibration:
[[-0.99697491 -0.01486472 -0.07628934  0.05769951]
 [ 0.03517351  0.78899476 -0.61339228  1.34831443]
 [ 0.06930979 -0.61422008 -0.78608514  0.91927638]
 [ 0.          0.          0.          1.        ]]

[INFO] [1721053805.180691]: OpenCV backend calibrating with algorithm Horaud
[INFO] [1721053805.186265]: Computed calibration:
[[-9.97313830e-01 -1.06393352e-03 -7.32392796e-02  5.49822348e-02]
 [ 4.39589469e-02  7.91111710e-01 -6.10090053e-01  1.32887691e+00]
 [ 5.85895470e-02 -6.11670769e-01 -7.88939881e-01  9.10197459e-01]
 [ 0.00000000e+00  0.00000000e+00  0.00000000e+00  1.00000000e+00]]

[INFO] [1721053820.364415]: OpenCV backend calibrating with algorithm Tsai-Lenz
[INFO] [1721053820.369029]: Computed calibration:
[[-0.99222881 -0.03897445 -0.11816503  0.06568393]
 [ 0.04300022  0.78375595 -0.61957855  1.3332037 ]
 [ 0.11676028 -0.61984482 -0.77598933  0.90146214]
 [ 0.          0.          0.          1.        ]]
