[[-0.04831854 -0.96466484  0.25901169 -0.26655326]
 [-0.98689719  0.00614108 -0.16123347  0.70390437]
 [ 0.15394565 -0.26340847 -0.95232175  0.9559727 ]
 [ 0.          0.          0.          1.        ]]

[[-0.03015774 -0.96530323  0.25938423 -0.26589314]
 [-0.98531323 -0.01492511 -0.17010317  0.71015995]
 [ 0.16807248 -0.26070463 -0.95067594  0.95460727]
 [ 0.          0.          0.          1.        ]]

[[-0.0299102  -0.96530955  0.25938938 -0.26589454]
 [-0.98529287 -0.01520426 -0.17019632  0.71021161]
 [ 0.16823596 -0.26066511 -0.95065786  0.95459297]
 [ 0.          0.          0.          1.        ]]

 [[-0.02846429 -0.96485968  0.2612194  -0.24615515]
 [-0.98553816 -0.01658219 -0.16864035  0.6855357 ]
 [ 0.16704587 -0.26224192 -0.95043404  0.86076635]
 [ 0.          0.          0.          1.        ]]

 [[-0.04534871 -0.9652198   0.25747667 -0.25618947]
 [-0.98588834  0.00166617 -0.16739594  0.70469137]
 [ 0.16114488 -0.26143444 -0.9516745   0.95569829]
 [ 0.          0.          0.          1.        ]]
