[-0.10244427 -0.99451147  0.02126262 -0.13854802]
[-0.94395573  0.09044974 -0.31743728  0.86294678]
[ 0.31377182 -0.0525906  -0.94804086  1.59743002]
[ 0.          0.          0.          1.        ]

[-0.11056852 -0.98476129  0.13423784 -0.21384694]
[-0.9764445   0.08245449 -0.19939258  0.7663235 ]
[ 0.18528558 -0.15312234 -0.97068162  1.5866189 ]
[ 0.          0.          0.          1.        ]

[-0.10928488 -0.98499878  0.13354482 -0.21309989]
[-0.97651821  0.08129498 -0.19950766  0.76647803]
[ 0.18565828 -0.15221212 -0.97075356  1.58681383]
[ 0.          0.          0.          1.        ]

[-0.1111442  -0.98465342  0.1345534  -0.15619472]
[-0.9752935   0.08205974 -0.20510679  0.72856923]
[ 0.19091769 -0.15402549 -0.96944654  1.36481991]
[ 0.          0.          0.          1.        ]

[-0.13879296 -0.9794983   0.14601232 -0.2360943 ]
[-0.97643691  0.11074904 -0.18521774  0.7356441 ]
[ 0.16524973 -0.16827874 -0.97178948  1.57200594]
[ 0.          0.          0.          1.        ]
