kinematics:
  shoulder:
    x: 0
    y: 0
    z: 0.1625730154226897
    roll: -0
    pitch: 0
    yaw: 1.781810916867688e-08
  upper_arm:
    x: 0.0002004975538989192
    y: 0
    z: 0
    roll: 1.571345239942092
    pitch: 0
    yaw: -3.901230539948842e-06
  forearm:
    x: -0.42500681898555
    y: 0
    z: 0
    roll: 9.7629832263298e-06
    pitch: -0.0002730214972707502
    yaw: -5.420345855680447e-06
  wrist_1:
    x: -0.3922240292887517
    y: -0.0005201809763905701
    z: 0.1336562128034623
    roll: 0.003891912983958228
    pitch: 0.001413619045786575
    yaw: 3.127644305416898e-06
  wrist_2:
    x: -6.88717325271127e-05
    y: -0.09966038226531176
    z: 0.0001468383736027446
    roll: 1.569322940239382
    pitch: 0
    yaw: -3.498360692452684e-08
  wrist_3:
    x: 3.701088560083847e-05
    y: 0.09963603698828478
    z: -0.0001593945229534505
    roll: 1.569196560367061
    pitch: 3.141592653589793
    yaw: -3.141592598979991
  hash: calib_14821698718551593954